lr: 2.988254811450673e-05
weight_decay: 3.899318156382281e-05
num_epochs: 7