lr: 0.0001888277128387876
weight_decay: 5.502165631862574e-06
num_epochs: 9