lr: 0.0004886296314011832
weight_decay: 7.239364397333215e-05
num_epochs: 4